./load_3 3   0 1782827546 795712835
./load_3 3    1 1782827546 919646680
./load_3 3    2 1782827547  37922631
./load_3 3    3 1782827547 156009900
./load_3 3    4 1782827547 276333763
./load_3 3    5 1782827547 396191673
./load_3 3    6 1782827547 515104376
./load_3 3    7 1782827547 633723039
./load_3 3    8 1782827547 752450555
./load_3 3    9 1782827547 871155239
./load_3 3   10 1782827547 990578847
./load_4 4   0 1782827546 795818072
./load_4 4    1 1782827546 920070232
./load_4 4    2 1782827547  38402599
./load_4 4    3 1782827547 156633186
./load_4 4    4 1782827547 275918075
./load_4 4    5 1782827547 395850515
./load_4 4    6 1782827547 514796060
./load_4 4    7 1782827547 633396298
./load_4 4    8 1782827547 752409198
./load_4 4    9 1782827547 871343050
./load_4 4   10 1782827547 991754998
./load_5 5   0 1782827546 795966670
./load_5 5    1 1782827546 920824282
./load_5 5    2 1782827547  40410615
./load_5 5    3 1782827547 158592251
./load_5 5    4 1782827547 280586026
./load_5 5    5 1782827547 401253972
./load_5 5    6 1782827547 519871343
./load_5 5    7 1782827547 638147365
./load_5 5    8 1782827547 756462089
./load_5 5    9 1782827547 876692356
./load_5 5   10 1782827547 997350514
./load_1 1   0 1782827546 794572773
./load_1 1    1 1782827546 920167203
./load_1 1    2 1782827547  38918925
./load_1 1    3 1782827547 157513713
./load_1 1    4 1782827547 279861361
./load_1 1    5 1782827547 400220109
./load_1 1    6 1782827547 519751529
./load_1 1    7 1782827547 638925951
./load_1 1    8 1782827547 758165375
./load_1 1    9 1782827547 877160161
./load_1 1   10 1782827547 998080960
./load_2 2   0 1782827546 794691635
./load_2 2    1 1782827546 925536967
./load_2 2    2 1782827547  43887449
./load_2 2    3 1782827547 162740540
./load_2 2    4 1782827547 285650459
./load_2 2    5 1782827547 406390300
./load_2 2    6 1782827547 525919526
./load_2 2    7 1782827547 645189256
./load_2 2    8 1782827547 766006121
./load_2 2    9 1782827547 885363936
./load_2 2   10 1782827548   7496181
