./load_5 5   0 1782828465 221863290
./load_5 5    1 1782828465 267811776
./load_5 5    2 1782828465 315146884
./load_5 5    3 1782828465 373793446
./load_5 5    4 1782828465 420504578
./load_5 5    5 1782828465 466100264
./load_5 5    6 1782828465 523577559
./load_5 5    7 1782828465 569026180
./load_5 5    8 1782828465 614474270
./load_5 5    9 1782828465 659938150
./load_5 5   10 1782828465 705396559
./load_5 5   11 1782828465 750833278
./load_5 5   12 1782828465 796296446
./load_5 5   13 1782828465 853749255
./load_5 5   14 1782828465 899213375
./load_5 5   15 1782828465 944685320
./load_5 5   16 1782828465 990149319
./load_5 5   17 1782828466  38621735
./load_5 5   18 1782828466  81126461
./load_5 5   19 1782828466 138588778
./load_5 5   20 1782828466 184050133
./load_4 4   0 1782828465 219866015
./load_4 4    1 1782828465 270875765
./load_4 4    2 1782828465 317463667
./load_4 4    3 1782828465 363985374
./load_4 4    4 1782828465 423180432
./load_4 4    5 1782828465 468876105
./load_4 4    6 1782828465 514330356
./load_4 4    7 1782828465 571800749
./load_4 4    8 1782828465 617243388
./load_4 4    9 1782828465 662711145
./load_4 4   10 1782828465 708154917
./load_4 4   11 1782828465 753627403
./load_4 4   12 1782828465 799099668
./load_4 4   13 1782828465 856598563
./load_4 4   14 1782828465 902061030
./load_4 4   15 1782828465 947514320
./load_4 4   16 1782828465 993131436
./load_4 4   17 1782828466  37652873
./load_4 4   18 1782828466  84098308
./load_4 4   19 1782828466 141589229
./load_4 4   20 1782828466 185066373
./load_3 3   0 1782828465 217682381
./load_3 3    1 1782828465 261219197
./load_3 3    2 1782828465 320114624
./load_3 3    3 1782828465 379601277
./load_3 3    4 1782828465 426755718
./load_3 3    5 1782828465 472305688
./load_3 3    6 1782828465 529786570
./load_3 3    7 1782828465 575238557
./load_3 3    8 1782828465 620703218
./load_3 3    9 1782828465 666184851
./load_3 3   10 1782828465 711634955
./load_3 3   11 1782828465 757082684
./load_3 3   12 1782828465 814555601
./load_3 3   13 1782828465 860056500
./load_3 3   14 1782828465 905519949
./load_3 3   15 1782828465 950950456
./load_3 3   16 1782828465 996434202
./load_3 3   17 1782828466  41875389
./load_3 3   18 1782828466  87306127
./load_3 3   19 1782828466 144785145
./load_3 3   20 1782828466 186088725
./load_2 2   0 1782828465 215697750
./load_2 2    1 1782828465 264412589
./load_2 2    2 1782828465 323881889
./load_2 2    3 1782828465 383402596
./load_2 2    4 1782828465 430340722
./load_2 2    5 1782828465 487816965
./load_2 2    6 1782828465 533264845
./load_2 2    7 1782828465 578734585
./load_2 2    8 1782828465 624183807
./load_2 2    9 1782828465 669646755
./load_2 2   10 1782828465 715103251
./load_2 2   11 1782828465 772569826
./load_2 2   12 1782828465 818011644
./load_2 2   13 1782828465 863456388
./load_2 2   14 1782828465 908970511
./load_2 2   15 1782828465 954430003
./load_2 2   16 1782828465 999886298
./load_2 2   17 1782828466  45355828
./load_2 2   18 1782828466 102820820
./load_2 2   19 1782828466 148302082
./load_2 2   20 1782828466 187678458
./load_1 1   0 1782828465 213846408
./load_1 1    1 1782828465 279747806
./load_1 1    2 1782828465 326653993
./load_1 1    3 1782828465 386184678
./load_1 1    4 1782828465 432885842
./load_1 1    5 1782828465 478350853
./load_1 1    6 1782828465 535822428
./load_1 1    7 1782828465 581281648
./load_1 1    8 1782828465 626757951
./load_1 1    9 1782828465 672245405
./load_1 1   10 1782828465 717756372
./load_1 1   11 1782828465 763235110
./load_1 1   12 1782828465 820732833
./load_1 1   13 1782828465 866177877
./load_1 1   14 1782828465 911623462
./load_1 1   15 1782828465 957076562
./load_1 1   16 1782828466   2591216
./load_1 1   17 1782828466  48038665
./load_1 1   18 1782828466 105502054
./load_1 1   19 1782828466 150961265
./load_1 1   20 1782828466 188899701
