./load_5 5   0 1782829288 802613529
./load_5 5    1 1782829288 837125099
./load_5 5    2 1782829288 894645992
./load_5 5    3 1782829288 940115952
./load_5 5    4 1782829288 985593967
./load_5 5    5 1782829289  31110424
./load_5 5    6 1782829289  76571658
./load_5 5    7 1782829289 122047860
./load_5 5    8 1782829289 179522055
./load_5 5    9 1782829289 225022753
./load_5 5   10 1782829289 270465602
./load_5 5   11 1782829289 315936824
./load_5 5   12 1782829289 361393800
./load_5 5   13 1782829289 406597963
./load_5 5   14 1782829289 452142152
./load_5 5   15 1782829289 509860925
./load_5 5   16 1782829289 554988405
./load_5 5   17 1782829289 600412850
./load_5 5   18 1782829289 646817988
./load_5 5   19 1782829289 692286987
./load_5 5   20 1782829289 737822760
./load_4 4   0 1782829288 800423364
./load_4 4    1 1782829288 840009913
./load_4 4    2 1782829288 897534072
./load_4 4    3 1782829288 942976120
./load_4 4    4 1782829288 988424249
./load_4 4    5 1782829289  33903417
./load_4 4    6 1782829289  79428630
./load_4 4    7 1782829289 124887850
./load_4 4    8 1782829289 170356437
./load_4 4    9 1782829289 227813821
./load_4 4   10 1782829289 273261991
./load_4 4   11 1782829289 318715149
./load_4 4   12 1782829289 364187624
./load_4 4   13 1782829289 409938279
./load_4 4   14 1782829289 455257447
./load_4 4   15 1782829289 500363296
./load_4 4   16 1782829289 558054157
./load_4 4   17 1782829289 603735522
./load_4 4   18 1782829289 650181097
./load_4 4   19 1782829289 695661306
./load_4 4   20 1782829289 740820805
./load_3 3   0 1782829288 798510958
./load_3 3    1 1782829288 843069023
./load_3 3    2 1782829288 900572323
./load_3 3    3 1782829288 946035891
./load_3 3    4 1782829288 991559592
./load_3 3    5 1782829289  37030704
./load_3 3    6 1782829289  82518167
./load_3 3    7 1782829289 127959824
./load_3 3    8 1782829289 173428521
./load_3 3    9 1782829289 230917104
./load_3 3   10 1782829289 276368630
./load_3 3   11 1782829289 321841735
./load_3 3   12 1782829289 367305384
./load_3 3   13 1782829289 412448413
./load_3 3   14 1782829289 457498117
./load_3 3   15 1782829289 503331446
./load_3 3   16 1782829289 560547078
./load_3 3   17 1782829289 605722558
./load_3 3   18 1782829289 652205853
./load_3 3   19 1782829289 697680592
./load_3 3   20 1782829289 742763558
./load_2 2   0 1782829288 796489578
./load_2 2    1 1782829288 846050628
./load_2 2    2 1782829288 903971940
./load_2 2    3 1782829288 949446428
./load_2 2    4 1782829288 994902482
./load_2 2    5 1782829289  40351553
./load_2 2    6 1782829289  85791477
./load_2 2    7 1782829289 131245177
./load_2 2    8 1782829289 188700257
./load_2 2    9 1782829289 234124351
./load_2 2   10 1782829289 282576657
./load_2 2   11 1782829289 328055654
./load_2 2   12 1782829289 370550331
./load_2 2   13 1782829289 416104779
./load_2 2   14 1782829289 474026622
./load_2 2   15 1782829289 519064454
./load_2 2   16 1782829289 564451729
./load_2 2   17 1782829289 610188438
./load_2 2   18 1782829289 656667375
./load_2 2   19 1782829289 702149027
./load_2 2   20 1782829289 746201576
./load_1 1   0 1782829288 795431400
./load_1 1    1 1782829288 849013057
./load_1 1    2 1782829288 906634759
./load_1 1    3 1782829288 952102805
./load_1 1    4 1782829288 997564179
./load_1 1    5 1782829289  43088361
./load_1 1    6 1782829289  88569802
./load_1 1    7 1782829289 134011369
./load_1 1    8 1782829289 191469935
./load_1 1    9 1782829289 236945536
./load_1 1   10 1782829289 279450372
./load_1 1   11 1782829289 324892490
./load_1 1   12 1782829289 373352360
./load_1 1   13 1782829289 418859911
./load_1 1   14 1782829289 463855945
./load_1 1   15 1782829289 521499677
./load_1 1   16 1782829289 567331694
./load_1 1   17 1782829289 612496013
./load_1 1   18 1782829289 658504871
./load_1 1   19 1782829289 703983757
./load_1 1   20 1782829289 748468265
