./job2.x 2    0 1783597908 112867127
./job2.x 2    1 1783597908 121749555
./job2.x 2    2 1783597908 130578373
./job2.x 2    3 1783597908 139429733
./job2.x 2    4 1783597908 148256487
./job2.x 2    5 1783597908 157106354
./job2.x 2    6 1783597908 165963755
./job2.x 2    7 1783597908 174807451
./job2.x 2    8 1783597908 183655254
./job2.x 2    9 1783597908 192496004
./job2.x 2   10 1783597908 201317889
./job1.x 1    0 1783597908   7428499
./job1.x 1    1 1783597908  16281502
./job1.x 1    2 1783597908  25089982
./job1.x 1    3 1783597908  33859189
./job1.x 1    4 1783597908  43014306
./job1.x 1    5 1783597908  51908796
./job1.x 1    6 1783597908  60769263
./job1.x 1    7 1783597908  69628358
./job1.x 1    8 1783597908  78488684
./job1.x 1    9 1783597908  87319636
./job1.x 1   10 1783597908  96147522
./job1.x 1   11 1783597908 104981269
./job1.x 1   12 1783597908 203373075
./job1.x 1   13 1783597908 212219496
./job1.x 1   14 1783597908 221055778
./job1.x 1   15 1783597908 229906466
./job1.x 1   16 1783597908 238747046
./job1.x 1   17 1783597908 247581975
./job1.x 1   18 1783597908 256398591
./job1.x 1   19 1783597908 265229592
./job1.x 1   20 1783597908 274072587
./job1.x 1   21 1783597908 282917104
./job1.x 1   22 1783597908 291741604
./job1.x 1   23 1783597908 300576964
./job1.x 1   24 1783597908 309422252
./job1.x 1   25 1783597908 318242404
./job1.x 1   26 1783597908 327074548
./job1.x 1   27 1783597908 335920668
./job1.x 1   28 1783597908 344757912
./job1.x 1   29 1783597908 353593292
./job1.x 1   30 1783597908 362412071
./job3.x 3    0 1783597908 363604357
./job3.x 3    1 1783597908 372520587
./job3.x 3    2 1783597908 381338976
./job3.x 3    3 1783597908 390176260
./job3.x 3    4 1783597908 398997213
./job3.x 3    5 1783597908 407807145
./job3.x 3    6 1783597908 416632337
./job3.x 3    7 1783597908 425456967
./job3.x 3    8 1783597908 434274363
./job3.x 3    9 1783597908 443093673
./job3.x 3   10 1783597908 451896603
./job2.x 5    0 1783597908 725590328
./job2.x 5    1 1783597908 734450795
./job2.x 5    2 1783597908 743913195
./job2.x 5    3 1783597908 752907832
./job2.x 5    4 1783597908 761754894
./job2.x 5    5 1783597908 770721740
./job2.x 5    6 1783597908 779625357
./job2.x 5    7 1783597908 788516251
./job2.x 5    8 1783597908 797453171
./job2.x 5    9 1783597908 806348593
./job2.x 5   10 1783597908 815308686
./job1.x 4    0 1783597908 619745312
./job1.x 4    1 1783597908 628842370
./job1.x 4    2 1783597908 637643646
./job1.x 4    3 1783597908 646454190
./job1.x 4    4 1783597908 655261047
./job1.x 4    5 1783597908 664117517
./job1.x 4    6 1783597908 672965540
./job1.x 4    7 1783597908 681818012
./job1.x 4    8 1783597908 690639476
./job1.x 4    9 1783597908 699487620
./job1.x 4   10 1783597908 708309155
./job1.x 4   11 1783597908 717135067
./job1.x 4   12 1783597908 816960799
./job1.x 4   13 1783597908 826033993
./job1.x 4   14 1783597908 834904479
./job1.x 4   15 1783597908 843814558
./job1.x 4   16 1783597908 853352810
./job1.x 4   17 1783597908 862254594
./job1.x 4   18 1783597908 871128757
./job1.x 4   19 1783597908 879994123
./job1.x 4   20 1783597908 888862224
./job1.x 4   21 1783597908 897820383
./job1.x 4   22 1783597908 906707560
./job1.x 4   23 1783597908 915551386
./job1.x 4   24 1783597908 924400973
./job1.x 4   25 1783597908 933245089
./job1.x 4   26 1783597908 942109273
./job1.x 4   27 1783597908 951682470
./job1.x 4   28 1783597908 960632945
./job1.x 4   29 1783597908 969526584
./job1.x 4   30 1783597908 978364949
./job3.x 6    0 1783597908 979649076
./job3.x 6    1 1783597908 988576318
./job3.x 6    2 1783597908 997470247
./job3.x 6    3 1783597909   6365519
./job3.x 6    4 1783597909  15290987
./job3.x 6    5 1783597909  24187501
./job3.x 6    6 1783597909  33056314
./job3.x 6    7 1783597909  41923984
./job3.x 6    8 1783597909  50796424
./job3.x 6    9 1783597909  59675636
./job3.x 6   10 1783597909  68546362
